<<<<<<< HEAD
50034
20020
10004
30027
30048
00042
00012
20008
10018
30075
30041
30024
30053
30017
50018
30023
10027
30029
30079
30018
20017
30060
50039
30020
50029
50001
00018
30008
30034
00044
30046
00028
30061
00029
30071
20034
20025
30038
10001
50027
30077
00005
30074
50028
00009
30058
00006
30004
20033
20007
50024
20019
10010
30014
20026
20040
50045
50006
30059
30013
50041
50040
20011
00020
50008
20036
30056
50055
00026
20032
00030
30045
30031
00043
20005
10030
30011
50038
00003
10013
00001
10024
30080
00014
00050
00051
20024
30057
30025
20037
30010
30005
30021
50022
50031
50009
30067
30073
30066
30069
50007
50044
30009
30036
00013
50030
20031
30065
30016
10005
20014
30044
00045
50002
50035
50023
00052
30072
10012
00048
50011
10026
50015
30037
00004
10015
50050
30052
00037
10011
00039
00010
50005
20002
00041
50020
20003
50049
50052
20041
10031
00017
50051
50017
00011
30007
30062
50013
30030
50037
00008
00002
00032
50048
30003
30054
30040
30081
00021
30026
30028
10020
00035
30032
50053
50003
10014
00025
10009
20016
10006
00036
50021
50047
30051
30047
50004
50014
30015
10002
20015
30049
00038
20028
20004
50010
10016
20022
50046
00015
00016
20001
10021
10022
00046
30042
30068
30076
50032
50033
50026
00022
20029
30035
20023
10007
00040
00034
50054
10003
00033
00019
30070
30019
00031
30033
30039
30063
10025
00007
30055
00023
00024
50043
50036
50019
50025
30022
20027
30050
10008
30012
50042
00049
20035
30043
00027
30078
=======
50034
20020
10004
30027
30048
00042
00012
20008
10018
30075
30041
30024
30053
30017
50018
30023
10027
30029
30079
30018
20017
30060
50039
30020
50029
50001
00018
30008
30034
00044
30046
00028
30061
00029
30071
20034
20025
30038
10001
50027
30077
00005
30074
50028
00009
30058
00006
30004
20033
20007
50024
20019
10010
30014
20026
20040
50045
50006
30059
30013
50041
50040
20011
00020
50008
20036
30056
50055
00026
20032
00030
30045
30031
00043
20005
10030
30011
50038
00003
10013
00001
10024
30080
00014
00050
00051
20024
30057
30025
20037
30010
30005
30021
50022
50031
50009
30067
30073
30066
30069
50007
50044
30009
30036
00013
50030
20031
30065
30016
10005
20014
30044
00045
50002
50035
50023
00052
30072
10012
00048
50011
10026
50015
30037
00004
10015
50050
30052
00037
10011
00039
00010
50005
20002
00041
50020
20003
50049
50052
20041
10031
00017
50051
50017
00011
30007
30062
50013
30030
50037
00008
00002
00032
50048
30003
30054
30040
30081
00021
30026
30028
10020
00035
30032
50053
50003
10014
00025
10009
20016
10006
00036
50021
50047
30051
30047
50004
50014
30015
10002
20015
30049
00038
20028
20004
50010
10016
20022
50046
00015
00016
20001
10021
10022
00046
30042
30068
30076
50032
50033
50026
00022
20029
30035
20023
10007
00040
00034
50054
10003
00033
00019
30070
30019
00031
30033
30039
30063
10025
00007
30055
00023
00024
50043
50036
50019
50025
30022
20027
30050
10008
30012
50042
00049
20035
30043
00027
30078
>>>>>>> master
